Inference for Bugs model at "../Mi model JAGS.txt", fit using jags,
 3 chains, each with 5e+05 iterations (first 250000 discarded), n.thin = 300
 n.sims = 2499 iterations saved
          mu.vect sd.vect   2.5%    25%    50%    75%  97.5%  Rhat n.eff
Loc[1]      1.782   0.104  1.579  1.712  1.782  1.851  1.987 1.007   310
Loc[2]      1.984   0.112  1.767  1.909  1.983  2.059  2.209 1.009   240
alpha[1]    1.734   4.537 -0.548  1.698  1.874  2.037  3.410 1.085  2500
alpha[2]   -0.183   0.113 -0.411 -0.257 -0.180 -0.107  0.037 1.008   280
alpha[3]    0.038   0.309 -0.581 -0.166  0.041  0.240  0.637 1.006   420
alpha[4]    0.039   0.227 -0.406 -0.116  0.039  0.187  0.491 1.011   210
alpha[5]   -0.377   0.170 -0.709 -0.487 -0.377 -0.267 -0.030 1.001  2500
alpha[6]    0.110   0.319 -0.515 -0.098  0.105  0.318  0.772 1.007   360
alpha[7]    0.090   0.237 -0.385 -0.068  0.095  0.253  0.541 1.012   190
alpha[8]    0.041   0.209 -0.380 -0.096  0.045  0.175  0.449 1.001  2400
alpha[9]    0.319   0.787 -1.234 -0.191  0.295  0.839  1.893 1.007   310
alpha[10]  -0.241   0.449 -1.108 -0.531 -0.240  0.038  0.687 1.001  2200
alpha[11]   0.076   0.376 -0.701 -0.174  0.081  0.331  0.811 1.001  2100
alpha[12]   0.177   0.805 -1.404 -0.361  0.193  0.693  1.781 1.007   320
alpha[13]   0.048   0.465 -0.877 -0.259  0.058  0.345  0.969 1.001  2000
alpha[14]   0.188   0.418 -0.624 -0.096  0.184  0.468  1.044 1.002  1400
delta      -2.416   0.682 -3.577 -2.925 -2.472 -1.957 -0.986 1.003   890
e.obs[1]    0.373   0.179  0.028  0.252  0.372  0.491  0.723 1.002  1000
e.obs[2]   -0.065   0.162 -0.394 -0.170 -0.061  0.049  0.230 1.000  2500
e.obs[3]    0.766   0.123  0.525  0.684  0.767  0.849  1.005 1.000  2500
e.obs[4]   -0.263   0.219 -0.695 -0.405 -0.266 -0.120  0.167 1.008   270
e.obs[5]    0.859   0.173  0.500  0.741  0.862  0.976  1.181 1.002  1800
e.obs[6]   -0.809   0.254 -1.319 -0.976 -0.803 -0.643 -0.308 1.002  1200
e.obs[7]    0.069   0.147 -0.216 -0.027  0.069  0.166  0.359 1.000  2500
e.obs[8]   -0.032   0.265 -0.555 -0.204 -0.035  0.138  0.499 1.002   980
e.obs[9]    0.665   0.162  0.345  0.560  0.667  0.773  0.990 1.001  2500
e.obs[10]   0.002   0.211 -0.420 -0.126  0.000  0.131  0.429 1.002  1600
e.obs[11]  -0.198   0.133 -0.455 -0.287 -0.197 -0.111  0.070 1.001  2200
e.obs[12]   0.074   0.279 -0.470 -0.105  0.071  0.258  0.629 1.001  2400
e.obs[13]  -0.065   0.214 -0.513 -0.197 -0.059  0.075  0.345 1.001  2500
e.obs[14]  -0.360   0.264 -0.897 -0.531 -0.353 -0.181  0.134 1.001  2500
e.obs[15]   0.422   0.333 -0.245  0.200  0.427  0.636  1.077 1.006   340
e.obs[16]  -0.119   0.232 -0.601 -0.266 -0.119  0.030  0.323 1.001  2500
e.obs[17]  -0.910   0.194 -1.297 -1.038 -0.906 -0.778 -0.537 1.006   390
e.obs[18]  -0.491   0.195 -0.873 -0.625 -0.482 -0.359 -0.128 1.003   860
e.obs[19]  -0.218   0.249 -0.713 -0.382 -0.222 -0.048  0.267 1.001  2500
e.obs[20]  -0.031   0.197 -0.413 -0.162 -0.028  0.106  0.345 1.001  2500
e.obs[21]  -0.096   0.285 -0.676 -0.278 -0.092  0.094  0.456 1.001  2500
e.obs[22]  -0.209   0.313 -0.817 -0.408 -0.213  0.000  0.399 1.003   710
e.obs[23]  -0.086   0.232 -0.543 -0.237 -0.080  0.069  0.369 1.001  2500
e.obs[24]  -0.094   0.321 -0.732 -0.309 -0.100  0.123  0.534 1.010   210
e.obs[25]  -0.037   0.204 -0.452 -0.169 -0.034  0.099  0.354 1.004   550
e.obs[26]  -0.112   0.208 -0.551 -0.239 -0.108  0.017  0.297 1.001  2500
e.obs[27]   0.066   0.111 -0.146 -0.010  0.064  0.141  0.285 1.001  2500
e.obs[28]   0.648   0.117  0.422  0.571  0.651  0.727  0.883 1.001  2500
e.obs[29]  -0.180   0.173 -0.523 -0.296 -0.179 -0.066  0.152 1.001  2500
e.obs[30]   0.057   0.204 -0.348 -0.071  0.055  0.192  0.461 1.002  1600
e.obs[31]  -0.344   0.141 -0.615 -0.439 -0.347 -0.251 -0.067 1.001  2000
e.obs[32]  -0.273   0.186 -0.640 -0.398 -0.275 -0.146  0.094 1.001  2500
e.obs[33]  -0.515   0.165 -0.837 -0.623 -0.516 -0.405 -0.188 1.001  2200
e.obs[34]  -0.902   0.187 -1.267 -1.027 -0.904 -0.774 -0.530 1.001  2500
e.obs[35]  -1.343   0.176 -1.691 -1.459 -1.346 -1.223 -0.994 1.001  2500
e.obs[36]  -0.467   0.124 -0.709 -0.553 -0.467 -0.384 -0.223 1.001  2500
e.obs[37]   0.125   0.116 -0.100  0.044  0.122  0.205  0.351 1.001  2100
e.obs[38]  -0.497   0.125 -0.741 -0.583 -0.495 -0.414 -0.250 1.001  2500
e.obs[39]   0.090   0.126 -0.150  0.003  0.091  0.174  0.332 1.001  2500
e.obs[40]   0.079   0.180 -0.268 -0.039  0.077  0.199  0.432 1.002  1100
e.obs[41]  -0.113   0.219 -0.559 -0.250 -0.119  0.028  0.312 1.002  1100
e.obs[42]   0.212   0.092  0.038  0.147  0.213  0.273  0.396 1.001  2400
e.obs[43]   0.075   0.081 -0.067  0.028  0.066  0.114  0.261 1.000  2500
e.obs[44]  -0.006   0.056 -0.130 -0.018  0.000  0.016  0.075 1.006  2500
e.obs[45]  -0.009   0.043 -0.091 -0.026 -0.009  0.009  0.077 1.005  2500
e.obs[46]   0.042   0.089 -0.137 -0.016  0.039  0.100  0.219 1.002  1200
e.obs[47]  -0.150   0.162 -0.475 -0.248 -0.148 -0.049  0.181 1.003   810
e.obs[48]   0.022   0.239 -0.436 -0.139  0.017  0.185  0.515 1.001  2500
e.obs[49]   1.711   0.308  1.119  1.499  1.709  1.921  2.317 1.001  2400
e.obs[50]  -0.114   0.122 -0.352 -0.196 -0.116 -0.031  0.117 1.001  2500
e.obs[51]  -0.549   0.109 -0.762 -0.623 -0.549 -0.477 -0.335 1.001  2500
e.obs[52]   0.032   0.109 -0.186 -0.042  0.031  0.103  0.247 1.001  2500
e.obs[53]   0.709   0.224  0.237  0.573  0.719  0.848  1.140 1.002  1900
e.obs[54]   0.141   0.247 -0.346 -0.012  0.145  0.302  0.619 1.001  2500
e.obs[55]   0.539   0.166  0.213  0.426  0.543  0.651  0.856 1.001  2500
e.obs[56]   0.865   0.140  0.595  0.766  0.864  0.958  1.141 1.001  2500
e.obs[57]   0.235   0.096  0.047  0.175  0.232  0.300  0.425 1.000  2500
e.obs[58]  -0.506   0.141 -0.783 -0.596 -0.507 -0.416 -0.225 1.001  2500
e.obs[59]   0.180   0.142 -0.101  0.088  0.181  0.273  0.462 1.002  2500
e.obs[60]  -0.811   0.144 -1.088 -0.910 -0.811 -0.711 -0.532 1.001  2500
e.obs[61]   0.144   0.140 -0.124  0.048  0.142  0.239  0.416 1.001  2500
e.obs[62]  -0.205   0.179 -0.570 -0.323 -0.200 -0.085  0.142 1.002  1400
e.obs[63]  -0.074   0.201 -0.482 -0.207 -0.072  0.061  0.316 1.002  1300
e.obs[64]   0.284   0.211 -0.145  0.144  0.286  0.426  0.696 1.002  1300
e.obs[65]  -0.020   0.116 -0.241 -0.098 -0.021  0.059  0.209 1.000  2500
e.obs[66]  -0.127   0.146 -0.411 -0.226 -0.125 -0.028  0.157 1.001  2500
e.obs[67]   0.201   0.200 -0.194  0.066  0.202  0.335  0.596 1.001  2500
e.obs[68]   0.084   0.112 -0.138  0.010  0.081  0.161  0.298 1.001  2500
mu[1]       1.624   0.111  1.407  1.551  1.625  1.699  1.838 1.002   980
mu[2]       1.684   0.101  1.501  1.613  1.682  1.749  1.889 1.000  2500
mu[3]       1.680   0.076  1.532  1.629  1.680  1.731  1.831 1.001  2500
mu[4]       1.776   0.136  1.509  1.688  1.778  1.865  2.045 1.009   250
mu[5]       1.896   0.108  1.696  1.823  1.894  1.970  2.119 1.002  1400
mu[6]       1.708   0.158  1.396  1.605  1.704  1.811  2.025 1.002  1300
mu[7]       1.687   0.091  1.507  1.627  1.687  1.747  1.864 1.000  2500
mu[8]       1.463   0.165  1.132  1.357  1.464  1.569  1.788 1.002   980
mu[9]       1.704   0.101  1.502  1.637  1.704  1.770  1.903 1.001  2500
mu[10]      1.445   0.131  1.179  1.364  1.446  1.524  1.707 1.002  1900
mu[11]      1.681   0.083  1.515  1.627  1.681  1.737  1.841 1.001  2200
mu[12]      2.097   0.173  1.752  1.983  2.099  2.208  2.435 1.001  2500
mu[13]      1.861   0.133  1.605  1.774  1.857  1.943  2.139 1.001  2500
mu[14]      1.944   0.164  1.636  1.833  1.939  2.050  2.278 1.001  2500
mu[15]      1.773   0.207  1.365  1.640  1.769  1.910  2.187 1.006   350
mu[16]      1.757   0.144  1.482  1.664  1.756  1.848  2.056 1.001  2500
mu[17]      1.893   0.121  1.661  1.811  1.890  1.973  2.134 1.006   390
mu[18]      1.908   0.121  1.682  1.826  1.902  1.991  2.145 1.003   860
mu[19]      1.889   0.155  1.587  1.783  1.891  1.991  2.197 1.001  2500
mu[20]      1.933   0.123  1.700  1.848  1.932  2.015  2.171 1.001  2500
mu[21]      2.102   0.177  1.759  1.984  2.099  2.215  2.462 1.001  2500
mu[22]      2.171   0.194  1.793  2.041  2.174  2.295  2.549 1.003   680
mu[23]      2.056   0.144  1.773  1.960  2.052  2.150  2.340 1.001  2500
mu[24]      2.028   0.199  1.638  1.893  2.032  2.162  2.425 1.012   200
mu[25]      2.152   0.127  1.909  2.068  2.150  2.234  2.410 1.004   530
mu[26]      1.881   0.129  1.627  1.801  1.878  1.960  2.154 1.001  2500
mu[27]      1.537   0.069  1.401  1.490  1.539  1.585  1.669 1.001  2500
mu[28]      1.650   0.073  1.505  1.601  1.649  1.699  1.791 1.001  2500
mu[29]      1.833   0.108  1.627  1.763  1.833  1.906  2.047 1.001  2500
mu[30]      1.953   0.127  1.702  1.869  1.954  2.032  2.204 1.002  1700
mu[31]      1.496   0.088  1.323  1.438  1.498  1.555  1.664 1.001  2100
mu[32]      1.751   0.115  1.523  1.672  1.752  1.829  1.979 1.001  2500
mu[33]      1.750   0.102  1.547  1.682  1.751  1.818  1.950 1.001  2500
mu[34]      1.761   0.116  1.529  1.681  1.762  1.838  1.988 1.001  2500
mu[35]      1.729   0.109  1.512  1.655  1.731  1.802  1.946 1.001  2500
mu[36]      1.635   0.077  1.484  1.584  1.636  1.689  1.786 1.001  2500
mu[37]      1.526   0.072  1.386  1.476  1.528  1.576  1.666 1.001  2200
mu[38]      1.615   0.078  1.462  1.564  1.614  1.669  1.767 1.001  2500
mu[39]      1.536   0.079  1.385  1.483  1.535  1.589  1.685 1.001  2500
mu[40]      1.406   0.112  1.186  1.331  1.407  1.479  1.621 1.002  1100
mu[41]      1.347   0.136  1.082  1.259  1.350  1.432  1.624 1.002  1200
mu[42]      1.592   0.057  1.478  1.554  1.592  1.633  1.700 1.001  2400
mu[43]      2.074   0.050  1.958  2.050  2.079  2.103  2.162 1.000  2500
mu[44]      1.694   0.035  1.643  1.681  1.690  1.702  1.771 1.005  2500
mu[45]      1.808   0.027  1.755  1.797  1.809  1.819  1.859 1.005  2500
mu[46]      2.076   0.055  1.966  2.040  2.078  2.112  2.187 1.002  1200
mu[47]      2.498   0.101  2.292  2.435  2.497  2.559  2.700 1.003   790
mu[48]      1.989   0.149  1.683  1.888  1.992  2.089  2.274 1.001  2500
mu[49]      2.246   0.192  1.869  2.115  2.247  2.377  2.613 1.001  2500
mu[50]      1.693   0.076  1.549  1.642  1.694  1.744  1.841 1.001  2500
mu[51]      1.879   0.067  1.746  1.834  1.879  1.925  2.011 1.001  2500
mu[52]      1.814   0.067  1.680  1.770  1.815  1.860  1.950 1.001  2500
mu[53]      2.084   0.139  1.815  1.997  2.077  2.168  2.376 1.002  1700
mu[54]      1.757   0.153  1.459  1.657  1.754  1.852  2.059 1.001  2500
mu[55]      1.523   0.103  1.326  1.454  1.521  1.594  1.726 1.001  2500
mu[56]      1.762   0.087  1.590  1.704  1.763  1.823  1.930 1.001  2500
mu[57]      1.926   0.060  1.807  1.885  1.927  1.963  2.043 1.000  2500
mu[58]      2.175   0.088  2.000  2.119  2.175  2.231  2.347 1.001  2500
mu[59]      2.408   0.088  2.233  2.350  2.407  2.465  2.583 1.002  2300
mu[60]      1.704   0.089  1.530  1.642  1.704  1.766  1.876 1.001  2500
mu[61]      1.724   0.087  1.555  1.665  1.725  1.784  1.891 1.001  2500
mu[62]      1.606   0.111  1.390  1.531  1.602  1.679  1.833 1.002  1500
mu[63]      1.558   0.125  1.316  1.474  1.557  1.641  1.812 1.002  1300
mu[64]      1.572   0.131  1.316  1.484  1.572  1.660  1.839 1.002  1300
mu[65]      1.779   0.072  1.637  1.730  1.780  1.828  1.917 1.000  2500
mu[66]      1.683   0.091  1.506  1.621  1.682  1.744  1.859 1.001  2500
mu[67]      2.136   0.125  1.891  2.053  2.136  2.220  2.382 1.001  2500
mu[68]      1.690   0.070  1.558  1.642  1.692  1.736  1.828 1.001  2500
p.val[1]    0.061   0.344  0.000  0.000  0.000  0.000  2.000 1.000  2500
p.val[2]    1.902   0.433  0.000  2.000  2.000  2.000  2.000 1.031   320
p.val[3]    0.880   0.993  0.000  0.000  0.000  2.000  2.000 1.007   330
p.val[4]    0.879   0.993  0.000  0.000  0.000  2.000  2.000 1.006   350
p.val[5]    1.972   0.235  2.000  2.000  2.000  2.000  2.000 1.007  2500
p.val[6]    0.714   0.958  0.000  0.000  0.000  2.000  2.000 1.002  1300
p.val[7]    0.707   0.956  0.000  0.000  0.000  2.000  2.000 1.010   220
p.val[8]    0.820   0.984  0.000  0.000  0.000  2.000  2.000 1.000  2500
p.val[9]    0.678   0.947  0.000  0.000  0.000  2.000  2.000 1.003   670
p.val[10]   1.439   0.899  0.000  0.000  2.000  2.000  2.000 1.001  2500
p.val[11]   0.844   0.988  0.000  0.000  0.000  2.000  2.000 1.000  2500
p.val[12]   0.801   0.980  0.000  0.000  0.000  2.000  2.000 1.003   780
p.val[13]   0.902   0.995  0.000  0.000  0.000  2.000  2.000 1.001  2000
p.val[14]   0.640   0.933  0.000  0.000  0.000  2.000  2.000 1.002  1200
tau        15.003   3.198  9.279 12.768 14.762 17.013 21.973 1.001  2500
deviance   10.206   8.655 -3.931  4.100  9.272 15.515 28.955 1.001  2000

For each parameter, n.eff is a crude measure of effective sample size,
and Rhat is the potential scale reduction factor (at convergence, Rhat=1).

DIC info (using the rule, pD = var(deviance)/2)
pD = 37.4 and DIC = 47.6
DIC is an estimate of expected predictive error (lower deviance is better).
